source_address = 4640 Admiralty Way, Marina del Rey
source_latitude = 33.9816425
source_longitude = -118.4409761
PREDICT: start_driving
PREDICT: 34.0039813
PREDICT: -118.4859633
