source_address = City Hall MRT, Singapore
source_latitude = 1.2924789
source_longitude = 103.85233199999993
PREDICT: start_driving
PREDICT: 1.2846292
PREDICT: 103.8646975
