source_address = 4640 Admiralty Way, Marina del Rey
source_latitude = 33.9816425
source_longitude = -118.4409761
PREDICT: [ACTION] start_driving [PARAM] 33.9970425 [PARAM] -118.4322605
